200
77 71 73 82 71 78 75 81 67 79
134 142 141 136 135 141 144 145 150 143
68 63 71 63 61 76 51 62 59 59
98 95 97 87 108 84 102 99 93 94
71 84 72 80 86 80 88 81 80 77
68 78 71 79 70 81 76 73 85 74
106 96 98 102 104 100 103 109 108 107
139 141 135 142 141 146 146 138 136 140
72 86 83 85 87 91 83 78 94 79
85 88 88 85 86 83 87 89 91 89
81 84 80 70 80 79 76 77 76 77
148 129 118 130 127 120 142 120 130 146
168 165 141 161 174 166 164 166 168 170
104 98 95 96 104 94 97 114 110 94
120 113 111 103 111 111 115 107 111 119
74 78 74 72 89 78 77 79 74 70
76 74 67 70 78 83 77 71 75 71
82 84 69 72 73 82 83 82 79 83
79 77 78 92 76 76 91 83 70 83
87 89 73 88 79 69 87 74 87 89
81 80 79 82 76 78 81 76 82 80
129 127 120 120 96 113 105 109 120 128
79 84 93 85 94 82 82 94 98 82
66 74 67 71 73 72 60 74 74 65
106 94 106 97 75 92 84 98 93 101
79 72 83 88 86 83 74 85 82 82
86 85 81 80 74 70 89 80 76 85
105 77 92 96 92 110 112 97 94 107
104 123 121 106 107 121 101 111 110 106
193 191 194 194 200 203 203 197 198 197
126 109 87 100 96 93 89 90 97 116
122 123 115 141 121 124 140 129 116 127
77 78 74 73 75 72 82 66 81 79
36 87 45 60 93 32 81 107 38 48
78 86 89 84 79 84 86 74 89 79
87 96 83 87 85 80 77 74 77 86
126 136 127 112 138 137 129 121 138 120
87 85 91 84 89 97 77 85 88 85
70 67 48 54 49 35 50 55 64 72
121 117 106 102 97 110 97 104 119 121
62 66 52 54 62 64 60 77 55 60
47 49 58 61 52 56 59 54 55 59
109 96 95 107 90 111 106 95 115 105
67 74 74 62 60 80 61 68 72 62
142 164 162 152 172 167 158 170 157 144
105 112 126 99 116 110 113 113 111 103
84 87 87 80 82 75 84 78 85 82
145 137 128 144 132 118 136 120 124 141
142 130 139 138 139 141 138 136 132 138
118 106 122 119 121 124 124 142 132 124
97 111 115 111 121 113 105 106 113 103
96 93 93 96 86 93 98 93 102 94
91 86 71 78 79 80 84 79 77 85
83 77 77 80 93 85 78 67 70 80
66 52 72 59 74 69 73 62 73 66
35 55 53 53 53 56 49 51 48 40
172 158 141 155 151 144 161 146 145 173
75 81 71 81 79 70 97 89 74 80
149 139 155 158 148 153 164 155 154 154
149 156 162 146 146 155 150 145 158 149
123 126 93 125 95 95 109 87 106 128
96 101 106 96 88 101 91 100 88 97
112 113 111 106 108 109 110 101 120 110
73 88 88 76 75 82 87 79 82 76
57 40 27 33 34 32 38 39 42 51
109 101 118 107 123 111 110 105 93 99
148 140 145 150 146 153 132 159 165 145
117 106 106 110 105 105 103 101 113 114
83 89 81 96 84 96 91 77 86 87
87 91 95 93 100 97 95 107 146 95
119 143 110 151 141 97 148 124 85 120
88 83 82 80 78 78 76 78 85 90
111 100 114 112 107 112 112 111 122 108
88 104 110 105 109 106 99 107 105 101
144 150 142 149 147 152 154 155 152 148
145 142 135 131 143 143 133 146 151 140
104 104 90 116 93 96 111 107 103 101
95 70 90 83 82 84 89 85 76 83
88 79 111 86 94 138 91 96 184 85
182 194 187 188 178 197 191 181 187 183
67 71 75 76 67 77 68 82 76 66
180 177 176 163 177 175 174 169 182 179
166 165 154 160 153 162 149 146 151 159
105 121 103 100 100 112 107 114 106 105
137 125 118 118 117 122 127 126 136 132
97 107 98 105 90 103 103 100 100 102
151 149 149 146 158 145 148 155 147 147
102 118 105 102 113 116 105 120 106 109
149 140 107 127 102 88 92 98 100 150
84 91 98 84 88 87 79 89 80 81
75 80 81 87 74 77 73 90 94 75
127 110 103 125 110 109 103 118 116 131
81 78 91 88 86 81 84 79 86 85
81 77 91 76 82 88 82 77 88 80
110 118 117 115 128 125 118 116 126 114
98 124 125 121 144 135 134 134 123 100
135 158 133 111 132 132 113 113 118 139
102 105 110 106 101 110 105 102 111 107
129 132 165 139 149 166 150 155 124 128
126 118 106 124 119 121 111 124 142 130
189 196 186 167 194 189 184 171 195 189
135 87 106 107 115 133 108 116 98 134
107 116 100 108 103 114 103 105 114 99
145 157 160 168 165 165 165 165 161 150
84 83 97 83 84 86 77 82 86 83
88 96 95 89 89 95 91 93 100 89
141 143 138 128 137 130 148 125 140 137
119 119 131 126 119 101 127 103 93 123
110 101 92 93 98 112 95 111 110 116
96 98 101 104 104 93 104 98 99 106
103 105 117 110 107 111 96 108 114 104
102 99 90 116 118 80 110 92 88 106
67 72 72 73 75 82 70 77 74 72
127 123 117 129 131 107 125 120 121 128
81 94 98 91 93 108 88 92 101 90
141 144 146 141 142 135 149 148 149 139
104 122 118 107 107 101 100 100 106 102
80 85 83 83 81 71 83 74 69 82
103 99 93 106 92 91 101 98 89 115
150 152 145 154 154 157 142 149 154 154
110 110 111 98 100 117 105 103 109 108
86 79 78 86 71 85 66 75 82 82
105 114 112 103 108 119 99 117 98 112
56 49 56 49 50 36 49 57 50 54
157 144 144 146 147 153 152 155 150 155
57 72 55 45 64 61 46 54 50 61
125 110 109 103 118 116 111 118 115 119
78 70 75 64 70 71 70 85 67 79
146 151 70 154 174 127 154 180 159 152
127 115 117 108 112 117 120 124 119 123
132 135 144 136 143 136 144 140 138 142
153 147 147 156 161 151 166 167 167 153
145 136 143 150 139 134 136 140 140 140
84 104 91 94 96 90 86 82 85 86
110 97 96 102 101 100 103 104 107 104
130 141 138 132 142 138 131 139 136 136
136 140 136 133 138 137 132 130 133 134
167 164 150 169 153 159 163 155 165 163
108 109 115 113 115 122 118 118 108 101
177 170 181 162 174 167 162 171 172 178
77 83 85 75 79 81 77 86 89 75
147 144 146 151 133 146 134 128 141 144
81 83 86 88 89 72 84 88 84 75
126 121 129 137 118 133 130 138 126 123
99 102 115 105 104 107 107 111 123 102
110 96 97 110 91 98 111 94 85 107
179 168 160 156 143 170 163 177 181 174
142 142 141 125 147 131 140 140 149 141
107 110 109 111 107 103 117 124 114 108
102 116 106 106 113 107 102 114 118 107
84 81 79 81 74 81 88 83 84 80
78 80 77 86 83 96 76 78 86 80
109 108 118 101 110 103 111 124 113 106
163 161 148 186 169 162 176 181 173 170
96 91 96 99 94 100 99 98 92 96
72 79 73 72 88 86 78 82 79 72
97 104 111 103 110 117 101 108 116 101
93 106 112 96 111 117 98 103 108 97
66 85 84 76 94 79 78 76 83 73
120 128 125 114 127 112 108 107 125 122
84 84 81 77 79 94 79 81 83 78
85 73 88 77 80 89 76 74 79 81
144 136 137 146 151 147 136 146 146 151
83 95 96 77 86 81 91 84 68 83
98 96 98 102 98 97 97 102 100 99
125 118 121 118 125 107 122 120 119 123
127 158 155 148 156 169 152 156 172 132
67 87 90 79 78 92 70 85 99 71
126 135 135 134 126 135 124 141 145 131
100 115 104 112 108 103 103 115 99 106
83 80 76 84 89 78 85 76 79 81
181 167 155 184 187 187 162 181 185 179
95 88 99 86 89 113 97 103 144 97
121 106 118 103 104 106 122 108 114 116
132 81 78 105 77 92 96 92 110 132
128 106 123 120 117 124 126 126 126 123
89 84 85 82 77 85 94 79 85 85
62 65 73 60 66 73 70 65 75 70
110 105 88 91 98 102 78 99 101 103
108 99 120 109 107 115 108 110 103 110
117 108 112 115 119 112 109 133 116 109
133 127 127 132 125 135 127 120 130 135
95 82 91 87 81 85 87 101 96 89
79 85 76 73 82 81 74 83 85 76
142 138 143 141 133 142 142 141 128 143
98 105 100 95 91 82 87 89 80 95
121 170 129 152 181 111 156 130 83 130
100 105 115 100 101 111 112 107 116 104
134 142 140 131 134 139 129 136 143 132
114 95 97 117 104 94 99 104 96 110
139 141 147 137 136 148 141 132 140 146
82 81 68 80 87 68 67 89 78 82
121 104 106 114 110 116 111 107 116 116
146 147 142 142 148 146 134 140 143 140
84 96 81 87 80 85 83 83 88 82
59 50 52 57 46 35 43 47 53 56
152 147 151 144 160 146 147 156 149 150
72 95 72 102 106 81 103 90 68 72
111 114 125 104 127 127 120 128 117 110
99 106 94 98 106 103 107 106 96 104
